[1]=[48;2;9;5;4m    [48;2;9;5;2m      [48;2;11;4;2m  [48;2;9;5;2m [38;2;7;3;0;48;2;9;5;2m▄[38;2;12;6;0;48;2;11;4;2m▄[38;2;12;6;1;48;2;11;4;2m▄[38;2;9;5;0;48;2;9;5;2m▄[48;2;9;5;2m [48;2;9;5;4m  [48;2;9;5;2m                                                                                                          
[2]=[49;38;2;10;0;0m▀[49;38;2;4;0;0m▀[38;2;9;5;0;48;2;9;5;2m▄▄[48;2;9;5;2m  [48;2;11;5;0m [49;38;2;8;0;0m▀[49;38;2;11;1;0m▀[38;2;12;3;2;48;2;11;4;2m▄[48;2;9;5;2m  [38;2;15;6;4;48;2;9;5;4m▄[3C[38;2;15;0;0;48;2;9;4;8m▄[38;2;9;5;0;48;2;11;4;2m▄[38;2;7;6;2;48;2;11;4;2m▄[38;2;8;1;1;48;2;7;6;2m▄[38;2;11;1;0;48;2;11;4;2m▄[38;2;9;3;1;48;2;7;6;0m▄[38;2;11;5;0;48;2;9;5;0m▄[48;2;9;5;2m                                                                                                       
[3]=[2C[49;38;2;22;12;4m▀[38;2;9;5;4;48;2;9;5;2m▄[38;2;9;5;2;48;2;9;5;0m▄[48;2;9;5;2m [3C[49;38;2;23;13;3m▀[48;2;9;5;2m  [48;2;22;9;5m [4C[49;38;2;12;5;0m▀[48;2;7;6;2m [48;2;11;0;0m [2C[38;2;20;10;2;48;2;13;5;0m▄[38;2;9;5;4;48;2;9;5;2m▄[48;2;9;5;2m                                                  [38;2;7;6;2;48;2;11;4;2m▄[38;2;11;8;2;48;2;9;5;2m▄[49;38;2;7;5;4m▀[49;38;2;9;5;0m▀[38;2;9;5;0;48;2;11;5;0m▄[48;2;11;4;2m [48;2;9;5;2m                                              
[4]=[3C[38;2;11;4;4;48;2;11;4;2m▄[48;2;9;5;2m  [4C[38;2;9;3;1;48;2;9;3;3m▄[38;2;14;3;0;48;2;9;5;4m▄[49;38;2;19;11;7m▀[5C[49;38;2;12;4;0m▀[3C[38;2;20;10;2;48;2;20;9;4m▄[48;2;9;5;4m [48;2;9;5;2m    [48;2;11;4;4m [49;38;2;28;15;11m▀[1C[49;38;2;13;6;0m▀[38;2;8;4;1;48;2;9;5;2m▄[48;2;9;5;2m                                        [38;2;12;5;3;48;2;9;5;2m▄[49;38;2;15;9;4m▀[4C[49;38;2;12;4;0m▀[38;2;29;24;16;48;2;9;5;0m▄[48;2;9;5;2m  [38;2;11;4;2;48;2;9;5;2m▄[48;2;9;5;2m     [38;2;8;4;0;48;2;10;6;3m▄[2C[49;38;2;9;3;0m▀[38;2;10;6;5;48;2;9;5;2m▄[48;2;9;5;2m                                
[5]=[3C[49;38;2;9;5;0m▀[38;2;11;4;2;48;2;9;5;2m▄[38;2;7;3;0;48;2;9;5;2m▄[5C[38;2;11;3;0;48;2;12;4;0m▄[10C[38;2;20;10;0;48;2;20;10;2m▄[38;2;9;5;0;48;2;9;5;2m▄[38;2;4;0;0;48;2;9;5;2m▄[38;2;10;6;3;48;2;9;5;2m▄[48;2;9;5;2m  [38;2;11;4;2;48;2;9;5;2m▄[4C[38;2;12;5;3;48;2;11;4;2m▄[48;2;9;5;2m                                 [38;2;11;5;0;48;2;9;5;2m▄▄[38;2;10;2;0;48;2;9;5;2m▄[38;2;14;4;0;48;2;15;11;8m▄[38;2;38;25;18;48;2;9;3;0m▄[48;2;11;4;2m [38;2;13;5;1;48;2;12;6;1m▄[7C[49;38;2;20;6;0m▀[1C[38;2;12;4;0;48;2;11;5;0m▄[48;2;9;5;2m [38;2;13;8;5;48;2;9;5;2m▄▄[48;2;9;5;0m  [38;2;7;3;0;48;2;9;6;0m▄[4C[38;2;13;9;1;48;2;9;5;0m▄[38;2;8;4;0;48;2;9;5;0m▄[48;2;9;5;2m                              
[6]=[4C[38;2;13;6;0;48;2;11;4;2m▄[17C[48;2;20;10;0m [48;2;9;5;0m [48;2;11;7;4m [1C[38;2;9;4;0;48;2;11;8;9m▄[38;2;9;5;0;48;2;11;5;0m▄[38;2;9;5;2;48;2;9;5;4m▄[5C[49;38;2;4;1;0m▀[38;2;12;6;1;48;2;10;6;3m▄[48;2;9;5;2m                          [38;2;13;5;1;48;2;7;5;4m▄[38;2;10;1;0;48;2;9;5;0m▄[48;2;9;5;2m    [48;2;9;3;0m [3C[38;2;29;19;9;48;2;11;2;1m▄[49;38;2;8;0;0m▀[9C[48;2;14;3;0m [38;2;11;4;4;48;2;11;4;2m▄[38;2;9;0;0;48;2;4;0;0m▄[1C[38;2;12;3;2;48;2;7;7;5m▄[38;2;9;5;2;48;2;10;7;1m▄[38;2;11;7;4;48;2;10;7;1m▄[5C[49;38;2;4;0;0m▀[38;2;9;5;0;48;2;9;5;2m▄[48;2;9;5;2m                     [48;2;9;5;0m  [48;2;9;5;2m  [38;2;11;8;2;48;2;11;9;7m▄[49;38;2;12;3;2m▀[38;2;11;5;0;48;2;7;6;2m▄[48;2;9;5;2m 
[7]=[22C[49;38;2;21;10;5m▀[38;2;10;7;1;48;2;6;6;4m▄[48;2;11;7;4m [2C[38;2;9;5;2;48;2;9;5;0m▄[38;2;36;26;18;48;2;18;14;11m▄[6C[49;38;2;48;37;32m▀[38;2;92;82;74;48;2;9;5;4m▄[38;2;22;16;11;48;2;11;5;0m▄[38;2;12;5;3;48;2;11;5;0m▄[38;2;10;6;3;48;2;9;5;2m▄[48;2;9;5;2m                 [38;2;11;7;4;48;2;9;5;2m▄[49;38;2;9;5;2m▀[49;38;2;11;5;0m▀[49;38;2;9;5;0m▀[49;38;2;21;11;3m▀[2C[38;2;15;9;4;48;2;9;5;0m▄[48;2;9;5;2m [48;2;11;5;0m [38;2;12;5;3;48;2;9;3;1m▄[49;38;2;25;6;0m▀[3C[49;38;2;32;19;12m▀[10C[49;38;2;12;4;0m▀[48;2;11;4;4m [38;2;6;0;0;48;2;8;0;0m▄[2C[38;2;10;6;5;48;2;12;5;3m▄[49;38;2;38;28;22m▀[6C[49;38;2;25;19;14m▀[38;2;17;9;2;48;2;9;5;2m▄[48;2;9;5;2m                 [38;2;13;9;3;48;2;9;5;2m▄[49;38;2;9;5;4m▀[49;38;2;10;6;3m▀[49;38;2;38;30;23m▀[49;38;2;40;34;29m▀[38;2;63;55;51;48;2;12;5;3m▄[38;2;11;4;2;48;2;12;5;3m▄[38;2;13;6;4;48;2;10;7;1m▄[1C[38;2;11;5;0;48;2;11;4;2m▄[48;2;9;5;2m 
[8]=[23C[48;2;6;0;0m [49;38;2;14;10;6m▀[2C[48;2;9;0;0m [9C[49;38;2;36;24;17m▀[38;2;20;8;8;48;2;15;4;3m▄[48;2;12;5;3m [48;2;9;5;2m                [38;2;10;6;3;48;2;9;5;2m▄[49;38;2;11;7;4m▀[7C[49;38;2;15;3;0m▀[38;2;12;4;0;48;2;11;5;0m▄[48;2;12;5;3m [16C[48;2;12;5;3m [49;38;2;6;0;1m▀[11C[49;38;2;32;24;16m▀[38;2;7;1;0;48;2;9;7;5m▄[38;2;7;3;0;48;2;10;6;3m▄[48;2;9;5;2m             [38;2;14;8;3;48;2;9;5;2m▄[49;38;2;8;4;1m▀[6C[38;2;9;0;0;48;2;11;5;0m▄[49;38;2;11;7;4m▀[2C[38;2;7;3;0;48;2;10;7;1m▄
[9]=[23C[38;2;6;0;0;48;2;5;0;0m▄[14C[38;2;50;34;21;48;2;19;4;0m▄[38;2;17;2;0;48;2;11;4;2m▄[38;2;10;6;3;48;2;9;5;2m▄[48;2;9;5;2m               [48;2;8;4;0m [27C[38;2;15;6;0;48;2;15;6;2m▄[13C[49;38;2;10;2;0m▀[38;2;8;0;0;48;2;8;4;1m▄[48;2;9;5;2m           [48;2;11;4;2m  [38;2;17;8;6;48;2;11;4;2m▄[7C[38;2;12;5;3;48;2;12;6;1m▄[4C
[10]=[23C[49;38;2;9;0;0m▀[14C[49;38;2;42;30;18m▀[38;2;49;39;29;48;2;54;34;20m▄[38;2;57;36;25;48;2;13;5;3m▄[38;2;57;34;23;48;2;10;1;0m▄[38;2;11;3;0;48;2;11;4;2m▄▄[48;2;9;5;2m    [48;2;9;5;0m  [48;2;9;5;2m      [48;2;11;7;4m [27C[49;38;2;10;2;0m▀[14C[49;38;2;4;0;0m▀[38;2;11;5;0;48;2;11;4;2m▄[48;2;9;5;2m           [48;2;12;4;0m [8C[38;2;53;43;37;48;2;10;1;0m▄[4C
[11]=[39C[38;2;15;4;0;48;2;10;7;1m▄[38;2;10;7;1;48;2;10;7;0m▄[38;2;9;5;2;48;2;13;7;2m▄[38;2;9;5;2;48;2;45;35;27m▄[38;2;9;5;4;48;2;48;36;26m▄[48;2;9;5;2m          [38;2;10;7;1;48;2;9;5;0m▄[49;38;2;12;5;5m▀[49;38;2;31;20;17m▀[43C[38;2;11;4;2;48;2;11;5;0m▄[48;2;9;5;2m           [38;2;12;5;3;48;2;11;5;0m▄[8C[49;38;2;56;44;36m▀[4C
[12]=[40C[38;2;51;35;24;48;2;7;3;0m▄[38;2;11;4;2;48;2;9;5;0m▄[38;2;7;6;2;48;2;9;5;2m▄[38;2;9;5;2;48;2;9;5;0m▄[48;2;9;5;2m          [46C[38;2;12;6;1;48;2;11;5;0m▄[48;2;9;5;0m [48;2;9;5;2m        [38;2;7;6;2;48;2;9;5;2m▄[38;2;12;4;0;48;2;10;6;3m▄[38;2;85;73;64;48;2;74;61;52m▄[13C
[13]=[39C[38;2;6;0;0;48;2;2;0;0m▄[38;2;8;3;0;48;2;56;35;23m▄[38;2;56;35;21;48;2;12;6;0m▄[38;2;46;34;24;48;2;12;6;1m▄[38;2;11;3;0;48;2;9;7;5m▄[38;2;8;4;1;48;2;9;5;4m▄[48;2;9;5;2m   [48;2;9;5;0m  [48;2;9;5;2m    [47C[38;2;56;36;15;48;2;50;41;26m▄[38;2;57;36;23;48;2;12;6;1m▄[38;2;48;34;27;48;2;12;6;1m▄[38;2;12;4;0;48;2;9;5;2m▄▄[38;2;11;5;0;48;2;9;5;2m▄[48;2;9;5;2m   [48;2;9;5;0m [38;2;32;22;16;48;2;29;18;15m▄[14C
[14]=[40C[38;2;4;1;0;48;2;4;0;0m▄[48;2;9;5;2m [38;2;10;7;1;48;2;10;2;0m▄[38;2;12;6;0;48;2;56;38;26m▄[38;2;12;4;0;48;2;50;34;21m▄[38;2;7;5;4;48;2;9;5;2m▄[38;2;9;5;0;48;2;9;5;2m▄[48;2;9;5;2m     [38;2;10;6;3;48;2;7;6;2m▄[49;38;2;9;5;2m▀[48C[38;2;9;5;0;48;2;56;38;26m▄[38;2;10;7;1;48;2;57;37;21m▄[38;2;9;6;0;48;2;52;36;23m▄[38;2;9;5;0;48;2;17;6;3m▄[48;2;9;5;2m    [38;2;3;0;0;48;2;0;0;0m▄[15C
[15]=[39C[49;38;2;12;0;0m▀[49;38;2;15;6;0m▀[38;2;31;14;9;48;2;11;5;0m▄[48;2;12;6;1m [38;2;10;7;1;48;2;12;6;1m▄[48;2;9;5;2m  [38;2;11;4;2;48;2;9;5;2m▄[48;2;9;5;2m    [38;2;6;0;0;48;2;5;0;0m▄[50C[38;2;86;80;75;48;2;9;5;0m▄[48;2;10;7;1m [48;2;9;5;2m      [38;2;5;0;0;48;2;3;0;0m▄[15C
[16]=[41C[38;2;13;1;0;48;2;55;32;17m▄[38;2;10;1;0;48;2;47;29;24m▄[38;2;11;3;0;48;2;42;29;27m▄[38;2;55;37;25;48;2;11;4;2m▄[38;2;54;36;21;48;2;11;4;2m▄[38;2;20;12;8;48;2;11;4;4m▄[38;2;11;4;2;48;2;11;5;0m▄[48;2;9;5;2m  [38;2;10;0;0;48;2;8;4;0m▄[52C[38;2;11;5;0;48;2;11;4;2m▄[38;2;11;4;2;48;2;9;5;2m▄[48;2;9;5;2m     [38;2;6;5;1;48;2;2;0;0m▄[38;2;29;16;12;48;2;60;47;42m▄[14C
[17]=[42C[49;38;2;5;4;0m▀[38;2;9;5;0;48;2;9;7;3m▄[38;2;7;5;4;48;2;11;5;0m▄[38;2;9;5;4;48;2;12;5;3m▄[38;2;9;5;2;48;2;11;4;2m▄▄[48;2;9;5;2m  [38;2;11;1;0;48;2;10;0;0m▄[53C[48;2;9;5;2m [48;2;7;6;2m [48;2;9;5;2m     [48;2;29;18;13m [14C
[18]=[43C[38;2;9;5;4;48;2;10;6;3m▄[48;2;9;5;0m  [48;2;9;5;2m    [38;2;7;6;2;48;2;9;5;0m▄[38;2;3;0;0;48;2;5;0;0m▄[52C[48;2;11;5;0m [48;2;9;5;0m [48;2;9;5;2m    [38;2;9;5;4;48;2;7;5;4m▄[38;2;12;6;1;48;2;30;20;12m▄[38;2;74;58;48;49m▄[13C
[19]=[10C[48;2;11;3;0m [32C[38;2;9;5;2;48;2;9;5;0m▄[48;2;9;5;4m  [48;2;9;5;2m    [38;2;9;5;0;48;2;7;6;2m▄[38;2;9;5;2;48;2;2;0;0m▄[38;2;19;13;6;49m▄[50C[38;2;11;4;2;48;2;11;5;0m▄[48;2;9;5;2m      [48;2;11;4;2m [48;2;10;6;3m [38;2;71;59;52;48;2;73;58;52m▄[13C
[20]=[10C[48;2;11;3;0m [30C[38;2;11;4;2;49m▄[38;2;11;4;2;48;2;11;4;4m▄[38;2;11;4;4;48;2;11;4;2m▄[48;2;9;5;2m        [38;2;11;4;2;48;2;11;5;0m▄[38;2;12;5;3;49m▄[48C[38;2;12;5;3;49m▄[38;2;12;5;3;48;2;11;4;2m▄[48;2;9;5;2m [48;2;7;6;2m [48;2;9;5;2m      [38;2;11;5;0;48;2;73;67;63m▄[13C
[21]=[9C[38;2;14;3;0;49m▄[38;2;11;4;2;48;2;12;4;0m▄[38;2;16;1;0;49m▄[18C[38;2;32;23;12;48;2;31;24;12m▄[38;2;8;3;3;49m▄[8C[49;38;2;31;17;4m▀[38;2;50;35;24;48;2;9;3;0m▄[38;2;52;32;25;48;2;11;2;1m▄[38;2;51;36;29;48;2;9;5;2m▄[38;2;13;7;0;48;2;7;6;2m▄[38;2;13;7;2;48;2;7;5;4m▄▄▄[38;2;12;6;1;48;2;7;5;4m▄[38;2;11;5;0;48;2;7;5;4m▄[38;2;11;5;0;48;2;9;5;4m▄[38;2;11;5;0;48;2;9;5;2m▄[38;2;8;4;0;48;2;9;5;2m▄[38;2;9;5;2;48;2;10;6;3m▄[38;2;11;4;2;48;2;9;3;1m▄[38;2;16;4;6;49m▄[35C[38;2;5;0;0;48;2;7;1;0m▄[38;2;14;8;5;48;2;75;67;61m▄[8C[38;2;60;40;26;49m▄[38;2;11;5;0;48;2;11;4;2m▄[38;2;9;5;2;48;2;10;6;3m▄[48;2;9;5;2m [48;2;7;6;2m [48;2;9;5;2m       [38;2;9;5;2;48;2;59;50;46m▄[38;2;17;9;0;49m▄[11C
[22]=[9C[38;2;11;4;2;48;2;9;3;1m▄[48;2;9;5;2m [48;2;13;2;0m [18C[38;2;30;20;10;48;2;31;22;11m▄[48;2;8;3;3m [8C[38;2;4;0;0;48;2;8;0;0m▄[38;2;9;3;0;48;2;11;1;0m▄[38;2;12;4;0;48;2;57;34;23m▄[38;2;12;4;0;48;2;56;35;23m▄[38;2;11;5;0;48;2;54;35;25m▄▄▄▄▄▄[38;2;9;6;0;48;2;52;36;23m▄[38;2;9;5;0;48;2;50;38;29m▄[38;2;7;5;4;48;2;8;4;1m▄[48;2;9;5;4m  [38;2;9;5;4;48;2;12;5;5m▄[38;2;8;3;0;48;2;8;0;0m▄[19C[38;2;16;5;2;49m▄[14C[48;2;5;0;0m [48;2;14;8;5m [8C[38;2;15;5;0;48;2;49;31;17m▄[38;2;55;31;21;48;2;50;38;31m▄[38;2;53;32;23;48;2;7;6;0m▄[38;2;55;31;21;48;2;9;7;1m▄[38;2;20;8;0;48;2;9;5;2m▄[48;2;9;5;2m        [38;2;11;4;2;48;2;12;5;3m▄[38;2;14;3;0;49m▄[10C
[23]=[9C[38;2;11;4;4;48;2;11;5;0m▄[48;2;9;5;4m [48;2;13;2;0m [4C[38;2;8;0;0;49m▄[13C[38;2;30;20;10;48;2;31;22;11m▄[48;2;8;3;3m [38;2;13;5;3;49m▄[7C[49;38;2;1;0;0m▀[38;2;11;5;0;48;2;6;5;0m▄[38;2;9;5;0;48;2;11;5;0m▄[38;2;9;5;0;48;2;9;5;2m▄[48;2;9;5;2m            [38;2;12;6;1;48;2;8;3;0m▄[19C[38;2;13;8;5;48;2;14;7;7m▄[38;2;10;0;0;49m▄[13C[38;2;6;0;0;48;2;5;0;0m▄[38;2;11;4;2;48;2;15;9;4m▄[38;2;8;0;0;49m▄[7C[38;2;9;5;2;48;2;8;4;1m▄[38;2;11;4;2;48;2;12;4;0m▄[48;2;11;4;2m [38;2;9;5;2;48;2;11;5;0m▄[38;2;7;6;2;48;2;9;5;0m▄[48;2;9;5;2m        [38;2;9;5;2;48;2;7;6;2m▄[38;2;10;6;3;48;2;11;7;4m▄[38;2;15;9;6;49m▄[9C
[24]=[8C[48;2;7;3;0m [38;2;9;5;2;48;2;9;5;0m▄[38;2;11;4;2;48;2;9;5;2m▄[38;2;12;6;1;48;2;13;1;1m▄[38;2;23;9;0;49m▄[3C[38;2;9;3;0;48;2;11;5;0m▄[38;2;11;8;2;48;2;12;6;0m▄[12C[38;2;30;20;10;48;2;31;22;11m▄[48;2;9;5;4m [48;2;11;8;2m [7C[38;2;9;5;2;49m▄[38;2;45;32;25;48;2;14;4;0m▄[38;2;54;35;23;48;2;14;3;0m▄[38;2;49;31;19;48;2;16;5;2m▄[38;2;21;9;0;48;2;9;3;0m▄[38;2;22;10;3;48;2;11;4;2m▄[38;2;24;11;4;48;2;11;4;2m▄[38;2;24;11;4;48;2;9;5;2m▄[38;2;23;13;5;48;2;7;6;0m▄[38;2;11;5;0;48;2;7;6;0m▄[48;2;9;5;2m      [38;2;5;3;0;48;2;7;3;0m▄[18C[48;2;6;0;0m [38;2;9;5;2;48;2;11;4;2m▄[38;2;9;5;2;48;2;5;0;0m▄[38;2;10;0;0;49m▄[12C[48;2;5;0;0m [38;2;9;5;4;48;2;11;4;4m▄[38;2;6;0;0;48;2;5;0;0m▄[7C[38;2;9;5;4;48;2;11;4;4m▄[48;2;9;5;4m [38;2;7;5;4;48;2;9;5;4m▄[48;2;9;5;2m           [48;2;10;6;3m [38;2;15;9;6;48;2;12;10;8m▄[9C
[25]=[8C[38;2;8;3;3;48;2;7;3;0m▄[38;2;9;5;4;48;2;9;5;2m▄[38;2;9;5;2;48;2;11;4;2m▄[38;2;12;4;0;48;2;9;5;0m▄[49;38;2;18;10;6m▀[2C[38;2;21;4;0;49m▄[38;2;11;4;2;48;2;9;3;1m▄[38;2;10;6;3;48;2;11;8;2m▄[12C[38;2;18;9;0;48;2;17;8;0m▄[38;2;9;5;4;48;2;7;5;4m▄[38;2;12;6;1;48;2;13;7;0m▄[38;2;35;25;17;49m▄[4C[38;2;17;4;0;49m▄[38;2;12;4;0;48;2;11;1;0m▄[38;2;11;4;2;48;2;9;5;4m▄[38;2;11;4;2;48;2;10;6;3m▄[38;2;9;5;4;48;2;8;2;0m▄[38;2;8;3;3;48;2;29;19;11m▄[38;2;11;4;2;48;2;31;18;11m▄▄[38;2;9;5;2;48;2;29;19;11m▄[38;2;9;5;2;48;2;29;18;13m▄[38;2;11;4;2;48;2;27;19;13m▄[38;2;11;4;2;48;2;12;4;0m▄[48;2;9;5;2m     [38;2;9;5;2;48;2;11;4;2m▄[38;2;12;6;1;48;2;11;5;0m▄[38;2;11;5;0;48;2;30;14;11m▄[38;2;19;4;0;49m▄[12C[38;2;26;11;5;49m▄[2C[38;2;17;4;0;49m▄[38;2;9;5;0;48;2;8;3;0m▄[38;2;9;5;0;48;2;9;5;2m▄▄[48;2;12;4;0m [38;2;24;9;1;49m▄[11C[38;2;11;5;0;48;2;11;4;2m▄[38;2;7;6;0;48;2;9;5;4m▄[38;2;12;4;0;48;2;8;0;0m▄[38;2;21;10;5;49m▄[3C[38;2;19;5;0;49m▄[38;2;15;5;0;49m▄[38;2;7;6;0;48;2;11;5;0m▄[48;2;7;6;2m [48;2;9;5;2m              [38;2;11;5;0;48;2;11;4;2m▄[38;2;11;4;2;48;2;8;3;0m▄[38;2;17;2;0;49m▄[7C
[26]=[6C[38;2;20;10;2;49m▄[38;2;11;4;2;48;2;13;1;0m▄[48;2;10;6;3m [38;2;10;7;1;48;2;10;6;3m▄[38;2;12;5;3;48;2;10;6;3m▄[38;2;11;4;2;48;2;9;3;0m▄[3C[48;2;16;5;2m [38;2;12;5;3;48;2;12;5;5m▄[38;2;13;8;5;48;2;10;6;3m▄[10C[38;2;11;5;0;49m▄[38;2;28;17;12;48;2;32;18;5m▄[38;2;21;11;1;48;2;18;9;0m▄[38;2;11;4;4;48;2;9;5;4m▄[38;2;11;5;0;48;2;11;4;2m▄[38;2;12;5;3;48;2;10;6;3m▄[4C[38;2;9;5;2;48;2;9;5;4m▄[38;2;9;5;2;48;2;11;4;2m▄[48;2;9;5;2m          [48;2;9;5;0m  [48;2;9;5;2m    [48;2;10;6;3m  [48;2;12;4;0m [10C[38;2;14;3;0;49m▄[38;2;9;5;4;48;2;11;5;0m▄[38;2;11;5;0;48;2;21;8;4m▄[2C[38;2;12;4;0;48;2;13;5;1m▄[48;2;9;5;2m    [38;2;11;5;0;48;2;20;10;2m▄[9C[38;2;16;6;0;49m▄[1C[38;2;11;4;2;48;2;12;4;0m▄[38;2;9;5;2;48;2;7;6;0m▄[38;2;10;6;3;48;2;9;5;2m▄[38;2;4;0;0;48;2;2;0;0m▄[3C[38;2;12;4;0;48;2;15;4;0m▄[48;2;9;5;2m         [48;2;7;6;2m  [48;2;9;5;2m      [38;2;7;6;2;48;2;9;5;0m▄[38;2;7;6;2;48;2;9;5;2m▄[38;2;9;1;0;48;2;12;3;4m▄[6C[38;2;12;5;0;48;2;46;30;13m▄
[27]=[6C[38;2;12;4;0;48;2;14;8;5m▄[48;2;9;5;2m     [38;2;20;10;2;48;2;21;9;0m▄[2C[38;2;12;5;0;48;2;10;7;1m▄[48;2;11;4;2m  [38;2;9;3;0;48;2;11;3;0m▄[3C[38;2;9;5;4;49m▄[4C[38;2;10;6;3;48;2;13;6;4m▄[48;2;9;5;2m [38;2;9;5;2;48;2;11;4;2m▄[38;2;9;5;2;48;2;11;5;0m▄[48;2;9;5;2m  [38;2;8;4;1;48;2;10;6;3m▄[38;2;12;5;0;49m▄[2C[38;2;9;7;1;49m▄[48;2;9;5;2m                    [38;2;10;0;0;48;2;9;3;0m▄[10C[38;2;7;6;2;48;2;7;6;0m▄[48;2;9;5;0m [48;2;9;5;2m [38;2;9;5;0;48;2;9;6;0m▄[1C[48;2;12;4;0m [48;2;9;5;2m    [48;2;10;6;3m [2C[38;2;14;3;0;48;2;14;2;0m▄[38;2;14;4;0;49m▄[4C[38;2;9;5;2;48;2;11;4;2m▄▄[38;2;9;5;2;48;2;11;5;0m▄[48;2;9;5;2m  [48;2;10;6;3m [38;2;10;7;1;48;2;6;0;0m▄[38;2;22;7;0;49m▄[1C[38;2;22;9;5;49m▄[38;2;9;5;2;48;2;12;4;0m▄[48;2;9;5;2m                   [38;2;9;5;4;48;2;11;5;0m▄[38;2;15;6;0;48;2;15;3;0m▄[5C[38;2;9;5;2;48;2;7;6;2m▄
[28]=[38;2;13;5;1;49m▄[5C[38;2;9;5;2;48;2;11;4;2m▄[48;2;11;4;2m [48;2;7;6;2m  [48;2;9;5;2m  [38;2;9;5;2;48;2;21;10;5m▄[1C[38;2;15;6;0;48;2;17;7;0m▄[38;2;9;5;4;48;2;9;5;2m▄▄▄[38;2;12;3;2;48;2;11;3;0m▄[2C[38;2;11;4;2;49m▄[38;2;10;6;5;48;2;9;7;5m▄[38;2;9;5;2;48;2;8;4;1m▄[2C[38;2;11;3;0;49m▄[38;2;11;5;0;48;2;9;5;0m▄[48;2;7;6;2m  [48;2;9;5;2m    [38;2;8;2;0;48;2;12;5;5m▄[1C[38;2;10;7;0;49m▄[38;2;9;5;0;48;2;12;5;3m▄[38;2;9;5;2;48;2;7;6;2m▄[48;2;9;5;2m                   [38;2;9;5;2;48;2;7;5;4m▄[38;2;14;8;3;48;2;14;1;0m▄[38;2;32;22;14;49m▄[38;2;26;13;6;49m▄[4C[48;2;11;3;0m [48;2;9;5;0m [38;2;9;5;2;48;2;9;5;0m▄[48;2;11;4;4m [48;2;7;6;2m [48;2;9;5;2m [38;2;7;6;2;48;2;9;5;0m▄[38;2;9;5;4;49m▄[38;2;9;5;4;48;2;12;4;0m▄[48;2;9;5;2m     [38;2;9;5;2;49m▄[38;2;9;5;4;49m▄[38;2;9;5;2;48;2;12;4;0m▄[48;2;9;5;2m [38;2;11;4;2;48;2;12;6;1m▄[2C[38;2;11;5;0;49m▄[38;2;7;6;2;48;2;9;5;2m▄[48;2;7;6;2m [48;2;9;5;2m   [48;2;10;6;3m [38;2;10;6;3;48;2;9;7;3m▄[38;2;15;9;4;48;2;18;8;0m▄[38;2;24;14;6;49m▄[38;2;12;3;2;48;2;16;8;1m▄[38;2;9;5;4;48;2;9;5;2m▄[48;2;9;5;2m             [48;2;9;5;0m  [48;2;9;5;2m    [38;2;9;5;2;48;2;11;4;2m▄[48;2;9;5;2m [38;2;30;20;14;48;2;33;16;4m▄[4C[38;2;7;6;2;48;2;7;6;0m▄
[29]=[38;2;10;7;1;48;2;9;7;1m▄[38;2;21;9;0;49m▄[1C[38;2;22;10;3;49m▄[38;2;15;7;0;49m▄[38;2;9;5;0;48;2;13;7;0m▄[38;2;9;5;2;48;2;9;5;4m▄▄[48;2;9;5;2m    [38;2;9;5;2;48;2;9;5;0m▄[38;2;9;5;2;48;2;20;14;9m▄[38;2;11;5;0;48;2;12;4;0m▄[48;2;9;5;2m   [38;2;11;4;2;48;2;11;4;4m▄[38;2;11;5;0;48;2;11;1;0m▄[38;2;13;6;0;49m▄[48;2;9;5;2m [38;2;9;5;0;48;2;9;5;2m▄[48;2;9;5;2m [38;2;9;5;2;48;2;12;6;1m▄[38;2;11;4;2;48;2;34;23;20m▄[48;2;9;5;2m [38;2;9;5;2;48;2;11;4;2m▄[48;2;9;5;2m       [38;2;9;5;2;48;2;11;4;2m▄[48;2;9;5;2m                        [48;2;12;5;3m [38;2;13;5;0;48;2;24;15;4m▄[2C[38;2;17;8;0;49m▄[38;2;12;4;0;49m▄[38;2;9;5;2;48;2;11;5;0m▄[38;2;7;5;4;48;2;9;5;2m▄[48;2;9;5;2m                  [38;2;9;5;0;49m▄[38;2;9;5;2;48;2;9;5;0m▄[48;2;9;5;2m    [48;2;9;5;0m  [48;2;9;5;2m  [48;2;7;6;2m  [48;2;9;5;2m                       [38;2;9;5;2;48;2;26;20;15m▄[38;2;17;3;1;49m▄[38;2;15;4;1;49m▄[38;2;9;5;2;48;2;12;4;0m▄[48;2;9;5;2m 
[30]=[38;2;10;6;3;48;2;10;7;1m▄[38;2;9;5;2;48;2;8;4;1m▄[38;2;11;4;2;48;2;11;3;0m▄[48;2;11;4;2m [48;2;9;5;2m            [48;2;9;5;0m  [48;2;9;5;2m                              [48;2;7;6;2m  [48;2;9;5;2m  [48;2;9;5;0m  [48;2;9;5;2m      [48;2;10;6;3m  [38;2;10;6;3;48;2;9;5;0m▄[38;2;10;6;3;48;2;11;5;0m▄[48;2;9;5;2m                        [48;2;9;5;0m  [48;2;9;5;2m              [48;2;9;5;0m  [48;2;9;5;2m                [38;2;9;5;2;48;2;11;4;2m▄[48;2;9;5;2m   
[31]=[48;2;9;5;2m                                                                                                                              
[32]=[48;2;9;5;2m                        [48;2;9;5;0m  [48;2;9;5;2m                      [48;2;9;5;0m  [48;2;9;5;2m      [48;2;7;6;2m  [48;2;9;5;2m                                          [48;2;9;5;0m  [48;2;9;5;2m                      [48;2;7;6;0m  
[33]=[49;38;2;9;5;0m▀▀[49;38;2;9;5;2m▀▀[49;38;2;9;5;0m▀▀[49;38;2;9;5;2m▀▀[49;38;2;9;5;0m▀▀[49;38;2;9;5;2m▀▀[49;38;2;7;6;0m▀▀[49;38;2;9;5;2m▀▀[49;38;2;9;5;0m▀▀[49;38;2;9;5;2m▀▀[49;38;2;9;5;0m▀▀[49;38;2;9;5;2m▀▀[49;38;2;7;6;0m▀▀[49;38;2;9;5;2m▀▀[49;38;2;9;5;0m▀▀[49;38;2;9;5;2m▀▀[49;38;2;9;5;0m▀▀[49;38;2;9;5;2m▀▀[49;38;2;7;6;0m▀▀[49;38;2;9;5;2m▀▀[49;38;2;9;5;0m▀▀[49;38;2;9;5;2m▀▀[49;38;2;9;5;0m▀▀[49;38;2;9;5;2m▀▀▀▀▀[49;38;2;9;5;0m▀▀▀▀[49;38;2;9;5;2m▀▀▀[49;38;2;9;5;0m▀▀▀▀▀▀[49;38;2;7;6;0m▀[49;38;2;7;6;2m▀[49;38;2;9;5;2m▀▀▀[49;38;2;9;5;0m▀▀▀▀▀▀▀▀▀▀▀[49;38;2;7;6;0m▀[49;38;2;7;6;2m▀[49;38;2;9;5;2m▀▀▀[49;38;2;9;5;0m▀[49;38;2;9;5;2m▀▀[49;38;2;7;6;0m▀▀[49;38;2;9;5;2m▀▀[49;38;2;9;5;0m▀▀[49;38;2;9;5;2m▀▀[49;38;2;7;6;0m▀▀[49;38;2;9;5;2m▀▀[49;38;2;9;5;0m▀▀[49;38;2;9;5;2m▀▀[49;38;2;7;6;0m▀▀[49;38;2;9;5;2m▀▀[49;38;2;9;5;0m▀▀[49;38;2;9;5;2m▀▀[49;38;2;7;6;0m▀▀[49;38;2;9;5;2m▀▀[49;38;2;9;5;0m▀▀[49;38;2;9;5;2m▀▀[49;38;2;7;6;0m▀▀[49;38;2;9;5;2m▀▀[38;2;9;5;0m▀▀